1834 2206 3669 3690 4974 12255 13743 16879 16977 20130 20138 22034 22898 23187 25413 26629 28537 39428:5316:319 269 238 119 119 329 99 109 295 419 519 290 319 198 799 119 458 299
495 2152 3228 5052 6168 6170 6263 6266 8356 9421 12011 12267 13859 14346 16129 20959 20963 22387 22390 22394:3868:125 399 150 477 44 44 65 65 199 95 379 329 50 129 50 369 499 134 133 133
14945 31770 35359:1727:659 949 119
8760 9735 11859 32868:1349:249 829 199 72
9027 9028:738:369 369
1984 12252 15108 21280:1636:399 99 999 139
2214 13743 16155 21283 26499 30610 33036 39452 42290:1711:269 99 89 399 129 50 299 99 278
3301 5727 11882 32319 35198:1944:878 139 129 149 649
12239 20503 39305 39548:363:99 99 100 65
5644 12305 27687 29342 32719 44006:1373:109 99 99 799 199 68
8138 8170 14991 21297 21799 29286 29661 33228:3273:169 169 1398 399 259 350 299 230
10853:50:50
8360 9423:295:200 95
1769 1776 39684:338:89 149 100
13158 39256:397:350 47
39684 44444:150:50 100
8326 39138:1034:354 680
10951 26652:577:119 458
1225 3276 4714 4715 5827 33544 39256:2058:339 59 109 238 1137 129 47
10843 31534 31745 39256 39684:799:50 109 399 141 100
5682 19726 19774 39684:747:139 279 279 50
13777 39688 41791:1597:499 899 199
3880 5666 18849 20139 21736:851:99 139 129 249 235
851 5666 16996:657:299 139 219
1777 10841 10843 16991 36653 39224 39241 39256 39289 39389 39684:1352:99 50 50 50 299 47 47 94 198 118 300
1769 5650 10980 11844 12511 21282 22819 22887:1254:89 129 199 50 150 139 389 109
5650 13048 22887 27527 27833 39138:1964:129 358 109 379 309 680
39684:50:50
39610:222:222
8275 16890 39388 45968:688:198 139 51 300
16369:476:476
39307 44006:246:50 196
39359:500:500
13703 22887 39684:658:399 109 150
5644 39224 39684:206:109 47 50
43881 44427:800:500 300
16695 16701 22126 24148 46071:1109:239 239 285 207 139
44427:300:300
12258 45965:199:99 100
632 2172 2173 2292 2293 13478 14721 14725 14729 15260 16975 21893 29996 29998 36203 39683 43852 44112:8596:399 649 649 289 289 199 89 178 178 1678 319 474 599 699 798 558 300 252
39256:47:47
7961 16746 20106 34964 37533:2563:799 349 199 447 769
3743 16228 16267 24195 25422 25424 37345 46084:2102:179 299 289 109 199 199 699 129
39138:2040:2040
5648:109:109
6540 37445:898:499 399
7113 9273 10951 12032 12130 21357 30528 31636 39138 39191 39420 39684:5432:499 99 119 379 2274 149 99 189 1360 195 20 50
817 22896 30372 37445 39684 39687:2205:899 109 300 399 150 348
39155:69:69
16160 28408 28409 30759:1377:100 189 189 899
3195 7383 7558 7571 39289:1164:150 239 239 239 297
27147 39684:500:450 50
13118 36112 36235:767:369 149 249
16979 43504:541:285 256
16977 20201 39289:2338:885 1156 297
16975 39289:737:638 99
1439 1781 2261 4374 4375 7289 7532 12461 13718 14818 15451 15464 16969 16977 20118 21308 21736 26533 26557 32106 33529 39289 39375 39432 39437 39473 39610:7886:669 627 489 249 249 199 507 79 399 239 169 657 387 295 299 399 235 169 119 99 199 99 290 59 99 300 306
16977 16979 32100 39688:1668:295 285 189 899
3567 4717 12527 12531 13718 18738 25203 39617:1754:340 447 34 198 399 179 99 58
5664:109:109
2292 2293 16980 39289 39683 43408 43502 43794:2752:289 289 289 198 558 256 297 576
12032:379:379
2588 13106 14010 16183 18519 22269 25050 37314 44512:2612:159 399 319 299 469 249 319 299 100
1852 4082 4136 4295 5049 5666 7304 7310 7317 8643 10785 12255 12275 12467 12522 12524 12528 13710 13743 14491 14623 16901 16971 16975 18802 19268 21413 22830 22831 28444 30287 30605 32115 32117 39452 39609 39617 39635 39681 40621 43504:7832:199 198 55 129 259 139 179 149 238 95 109 329 129 79 68 34 34 299 99 258 149 139 149 638 59 349 59 399 389 229 500 200 189 189 128 129 69 108 249 178 256
5711 7263 9106 9440 10943 13749 15697 15698 21755 21850 21893 25553 26155 39373 39430 39442 39453:4693:109 189 598 95 738 249 399 399 199 474 237 199 159 312 69 169 99
1472 1847 4400 9427 13718 16971 16977 30603 30605 30610 30613 39289 41184:2392:269 319 189 25 399 149 295 50 50 50 100 198 299
39684:50:50
16881 16893 23690:806:139 258 409
2018 2236 2239 2242 3673 3818 5127 16971 28096 28539 45127:6354:329 1947 649 649 149 396 459 149 149 478 1000
39684:50:50
1932 3057 3563 3669 3688 4875 8049 10318 12244 16525 16542 18774 18797:3122:198 236 170 238 238 199 638 130 229 129 129 329 259
16977 31148:684:295 389
510 527 9239 13145 14313 16977 20530 20630 22324 43630:2762:329 369 449 150 299 295 129 129 259 354
34468 34933:1098:939 159
9421 39684 44427 44522:1045:95 50 300 600
39146:300:300
7977 36202 36203:1177:479 299 399
5666 5667 9237 21280 39127:1353:139 139 698 278 99
39155 39684:119:69 50
3201 3564 39269 39305 39688:1916:299 218 200 300 899
5666 23281 23490 36202 36235 39684:1882:139 99 498 299 747 100
421 2227 2429 7305 7327 26438 26439 29135 39617:1535:65 269 139 179 199 189 189 198 108
39684:50:50
2023:329:329
2112 21386:748:349 399
3756 16894 16968 26149 39430 41184:1341:178 149 119 159 138 598
39289 39684:248:198 50
1787 2304 2608 2959 3224 3657 4293 6192 6443 6444 6447 6468 6474 6508 7416 7465 7478 11934 13445 13743 14282 15249 15838 16325 16693 16701 16894 16966 16977 21733 21850 21893 22126 24039 24066 27198 31807 34952 39432 39436 39610 39684 43408 43442:11953:189 289 159 199 50 258 159 169 478 239 598 758 329 349 239 199 239 179 489 99 299 399 250 259 239 239 149 89 295 249 395 237 95 449 469 499 349 99 118 137 210 50 284 428
11229 44073:1469:169 1300
16883 25474 43506:724:139 159 426
4240 8378 8393 8429 8432 14486 16473 20390 33982 35225 44981:9303:229 2999 2999 218 654 399 189 239 769 359 249
23785:529:529
5650 10749 16981 26549:1316:387 398 153 378
16977:590:590
21423 21427 21429 21545:400:100 150 100 50
16977 17474 39327:783:590 98 95
6015:159:159
39289:198:198
10837 23150:149:50 99
18203 21936 22018 22105 22126 39334:4051:1396 190 1045 95 950 375
21936 22018 22105 22126 28160 39334:2424:285 475 190 475 678 321
531 6452 8616 13730 13731 15591 16985 21021 24325 25575 26149 27747 28536 28846 39388 40139:4145:299 299 299 249 249 199 269 299 279 229 159 90 199 399 99 529
2797 3197 9186 11638 21932 39305:1276:219 219 169 139 380 150
39684:50:50
21280 21907 33859:968:139 230 599
1987 13743 20177:1435:399 198 838
39686 43917:231:139 92
11173:339:339
1460 9425:804:779 25
39686 43907:217:139 78
39688:899:899
1847 2304 3487 3606 3817 3972 3978 3980 4042 4072 4150 5083 5220 5298 6194 7377 7382 7383 7388 7408 7469 7472 7475 7478 7556 7557 7558 12257 12258 13710 14975 15896 16894 16967 16977 26904 28046:9524:319 289 150 179 99 99 149 149 249 299 299 199 499 499 199 239 239 239 239 239 239 239 239 239 239 239 239 159 198 299 699 275 149 109 295 498 299
8092 16975 26510 38641 38644 38646 39189 39191 39454 39684:1413:189 319 99 98 98 98 78 195 89 150
16975 17474 21297 37366 39191 39411 39415:2194:319 98 399 379 195 381 423
2172 2293 5298 13743:1536:649 289 499 99
10849 28379:164:25 139
6019 8326 10434 14524 14975 15354 19850 20516:5144:95 59 399 687 1398 1678 329 499
28529 42492:228:99 129
4393 4464 13743:442:218 125 99
6547 13089 36200 36202 36205 39684:1595:149 100 398 299 599 50
4936 8365 13927 30713:1216:299 159 319 439
16567 21893 21936 22018 22105 22126:6619:129 790 1520 2280 1235 665
2571 15354:1715:876 839
14284 16986 18447 34389 39452 39515:1188:299 145 145 389 93 117
30603:50:50
1834 5246 5302 9686 13727 16985 21736 29142 44037:4878:319 918 1497 738 498 269 235 300 104
14975:1398:1398
1777 39684:149:99 50
2018:329:329
27706:150:150
1215 4336 5722 6547 13703 19637 20042 35701:2163:129 179 250 149 399 299 99 659
1782 1852 10612 10620 10625 12737 13038 13039 13040 13043 13044 13046 13048 13062 15512 16675 16678 16693 16697 16698 16894 16967 16976 18350 18826 18828 18829 18830 18838 18840 18842 19652 22394 39285 43765:6875:239 199 150 300 150 359 179 179 179 179 179 179 179 179 398 239 478 239 239 239 149 109 170 299 59 59 59 59 59 59 59 279 133 290 372
12126 12134 43917 44375:1544:379 758 92 315
21936:5320:5320
39333:192:192
2486 3616 5007 16975 31529:1903:159 598 549 319 278
16680 16697 16977 39288:871:239 239 295 98
15429:519:519
5677 15108 15260 15354 39610:4376:319 1998 839 839 381
5646 14533 37769:677:109 169 399
2018 3621 4567 8365 11132 13111 14010 14106 15259 16978 18797 19637 21945 21984 21992 21993 22060 24269 28215 31697 37319 39388 39515 44420 46057:5872:329 299 79 159 379 349 319 329 119 158 259 299 115 269 179 358 115 359 399 259 269 137 117 100 119
4372 4631 6767 8749 12879 14336 16967 20130 21108 21308 28532 28535 38641 39452 39609 40189 40934:3727:339 179 179 279 99 89 109 419 129 399 199 398 98 84 70 259 399
1526 8078 9446 15554 20461 30070 41599 44983:2533:199 309 89 469 219 250 699 299
21258 26327 26369 27375 29665 39138:2512:109 599 495 129 500 680
1788 5722 16981 22903 24460 31047 31049 36202 36749 39388 43884:3979:189 250 153 399 129 399 1497 598 189 76 100
36202 36234:1096:897 199
3281 10973 42512:777:59 669 49
512 5535 8602 9184 9271 12308 12508 12592 13795 15188 15249 18564 21013 21015 21895 26167 43500 44098:6311:319 159 998 119 399 259 139 399 699 799 399 449 145 259 95 269 306 100
2523 39396 39681:658:309 100 249
13791 39393 39396 39688:1598:499 100 100 899
43905 43908:88:10 78
39138:680:680
512 527 13727 13730 17458 18807 19784 20440 39393 43500 43506:2866:319 369 249 249 319 118 339 109 150 333 312
2221 21818 24093 27794 30603 30605:1296:269 249 329 249 100 100
1761:1058:1058
3168:249:249
16885:1946:1946
24251 26166 39396:1017:498 269 250
39333 43913:288:120 168
39635:92:92
39156:89:89
11829 14054 18248 31515 36202:1275:299 319 139 219 299
11783 13703 16129 16985 17048 27399 35449 39155 39156 39684 44244:5083:50 1197 50 1076 718 298 1047 69 178 200 200
39191 39282 43550:717:195 72 450
3438 10799 10801 11556 22888 22896:784:169 119 119 129 139 109
30750:1599:1599
16977 19784:929:590 339
5546 6400 22819 44544:1307:239 379 389 300
2420 3763 31103:636:199 99 338
1881 4382 7457 14836 39288 43425 44006 44296:889:79 99 239 69 49 68 176 110
824 2917 7592 10503 12266 16901 16982 20064 39388 46066:2375:109 429 329 378 299 139 269 229 105 89
12349 33753 33764:757:99 159 499
837 11133 15840 19814 20139 22677 27365 31939:1974:100 239 250 658 249 199 190 89
3590 5984 7293 7314 8058 9421 12016 12416 16975 21026 21736 39206:3939:129 458 149 319 199 95 758 249 319 229 235 800
619 2239 3003 12343 21805 39612:1851:289 649 129 159 229 396
632 5165 5232 6370 6441 9258 10978 13204 20651 21738 21853 21869 21885 26625 27534 31044 33634 33912 36116 39609:9565:399 229 109 419 658 798 339 729 429 490 359 239 190 249 379 899 959 1359 249 84
420 20547 23032:473:65 289 119
2201 7431 7493 8134 8167 8978 9041 11429 11829 12289 12415 13478 13749 14824 15797 16977 18746 19669 21812 23970 24300 24301 24461 25485 26320 30217 31909 37278 39435 39470 41188 43103 44129:9737:349 219 289 255 169 258 398 159 299 199 239 199 249 499 369 295 179 279 478 329 75 75 99 258 1299 99 359 578 138 150 119 249 530
4504 4551 16975 16977 23815:2024:598 278 319 590 239
12291 16976 23626 29685 33908 36200 40914:1700:99 170 399 295 359 199 179
2024 4143 4144 4901 10335 16894 16967 16978 20394 20395 26547 44427:3334:658 179 179 198 390 149 218 158 199 597 109 300
39276:299:299
2605 18962 22286 36204 39684:1636:159 599 329 499 50
1520 3852 8956 14100 15668 16978 19832 39334 39393 39456 39684:2502:159 249 289 349 369 158 339 198 200 142 50
13730 21850:735:498 237
16160 31044:9990:1000 8990
13731:498:498
16370 39138 39334:1087:119 680 288
37002 39684:299:249 50
15108 15354:3676:1998 1678
1834 2521 2966 4099 4483 4671 6768 6770 6773 7601 9016 9053 10580 12351 12844 13730 16883 16970 16977 19004 20128 21430 21736 21850 21939 27470 27537 39432 39481 39610 39872 40128 43462 43553:8027:319 309 69 169 159 199 189 189 189 359 389 139 59 329 359 249 139 65 295 409 838 59 235 158 155 379 379 59 69 168 69 169 384 324
496 21348:424:125 299
26150 39138 39314 39432 39448:2496:778 680 242 708 88
3782 7849 16574 21903 21905 26549 29996 43883:2574:380 338 219 230 230 378 599 200
631 2315 31174 39371 39896 43881:2133:399 299 716 119 100 500
24262 39138 44427:1229:249 680 300
2630 2648 2690 6192 6456 17025 18894 21198 21199 29577 39435 39454:2534:269 299 279 169 478 188 189 59 118 259 138 89
2660 11136 21926:815:139 478 198
39617:67:67
8620 15249 21779 23694 26165 27214 36200 36204 39305 39314:3418:299 399 245 409 299 629 199 499 300 140
7264 16000 39241:715:249 419 47
5644 39171 39688:4705:109 1000 3596
16123 17469 20199 26527 29086 30616:930:50 98 289 149 179 165
5845 14836 15115 16894:756:339 69 199 149
4130 8176 16967 16975 36120 46064:2201:199 239 327 638 399 399
9461 9462 13987 30683:968:150 150 269 399
15309 16977 21781 39411 39684:1144:149 295 245 405 50
1956 2196 3482 4905 16985:2033:717 349 300 398 269
23498 26782 36114 36202 42505 45965 45986:2343:798 349 199 598 199 100 100
1857 4378 4385 12860 27273 31528 34995:1693:79 109 99 139 699 139 429
39687:174:174
15354 21850 39515:4064:3356 474 234
2200 4972 9237 12334 20497 22108:1424:269 159 349 149 229 269
34472 44092:3099:799 2300
22654:1629:1629
4283 16445 31938 31946 44123:464:79 150 79 69 87
1477 3232 4294 4342 4362 4397 4418 4482 5637 7773 11135 14520 14526 14531 14533 14895 14974 14991 15354 16566 17135 17136 19260 19266 20006 20007 25535 34353 34368:26914:278 300 795 369 687 238 1857 507 699 359 1198 379 676 338 169 3995 2796 1398 4195 149 529 799 249 747 438 438 387 389 1556
39684:50:50
5644 39684:159:109 50
6073 8654 15553 21298 43373:2582:599 190 398 399 996
10752 16894 39434 39629:390:135 149 51 55
5634:699:699
36200 36202:498:199 299
4385 4391 5278 5442 5568 5657 6018 6426 7220 7221 9447 10580 12255 12268 13832 14064 15445 15484 16260 16883 16884 16967 16977 20143 20165 21049 21940 25549 26625 28440 31043 31044 31915 33037 35673 36200 39285 39429:11661:99 399 579 309 139 399 95 269 199 219 178 59 329 319 229 319 799 179 399 139 119 109 295 269 329 399 229 159 498 119 198 1798 279 299 319 199 290 99
21295 32295 39314 45992:634:109 149 176 200
1087 1836 2436 2523 2653 3286 3482 3755 3902 4082 4099 4106 4633 7314 10561 11850 13730 13733 14581 15658 15797 16967 16978 18799 20979 32173 39373 39452:6249:139 279 219 309 299 99 150 95 69 99 169 109 139 319 95 239 249 249 409 269 369 109 158 658 439 159 312 42
30505 42324:398:199 199
2264 7314 7907 8606 10687 11104 12472 13718 14915 14918 15187 15658 16526 16528 16546 16968 16976 18595 19201 19668 21399 21811 31044 39305 39515 39609:8790:489 638 149 469 289 599 469 399 599 299 799 269 129 139 99 119 170 309 189 279 449 209 899 150 117 66
2235 16894 39617 43504:1165:649 149 85 282
10851 38665:319:50 269
1777 2018 2521 6116 9122 10248 10735 11783 11824 13869 15771 16118 16120 18778 22980 26438 26439 26440 27368 30764 37349:5104:198 329 309 479 199 559 499 50 50 100 279 50 50 329 199 189 189 189 269 289 300
39206:300:300
5644 9381 9530 14940 15093 15464 19146 21108 29096 30409 31987 32758 34469 39191 39327 39617:5173:109 419 279 699 439 438 429 258 169 200 379 119 649 195 275 117
9545 24265 24886 33865 36202 36585 37453 39388:3521:279 249 169 999 299 798 599 129
16986 39442:314:145 169
1789 2501 5266 9429 13743 13756 15056 15070 15350 15801 16968 19690 31735 38647 39314 39371 39610:4401:239 499 559 99 99 249 229 179 179 678 119 279 139 199 180 119 357
4614 19562 21929 43532:3520:179 498 198 2645
1770 15696 19964 21212 21318 21779 21817 36202 39511 43545 44732:2930:119 389 399 379 109 245 249 299 69 222 451
2178 7349 7500 9257 14534 16454 18521 19796 20005 21660 31714:3546:259 338 269 349 507 299 299 239 299 459 229
39393 39684 39688:3047:300 50 2697
2228 3743 4064 10541 12461 16895 39305 39432:1402:269 179 269 189 158 129 150 59
10843 18203 39686 44002:913:50 349 278 236
18642 18643:398:199 199
8527 14525 21749:887:459 229 199
7459 7511 14975 43642:2718:398 358 1398 564
1412 2940 3234 14534 14537 19783 39681:1394:100 99 100 169 338 339 249
24004 36235:348:99 249
1852 2084 16978 19754 21736 23876 27233:2338:199 399 158 359 235 189 799
38626:99:99
2292 5164 5558 8710 9239 12255 12284 13730 16894 16975 18365 28535 30573 39684 43898 44037 44132:7613:578 745 199 369 449 329 229 498 149 957 297 398 400 350 700 416 550
39333:189:189
1761:529:529
2420 31099:249:199 50
23317 30124 36202 37539 39333 39681 44267:2416:198 639 299 769 162 249 100
527 43500:720:369 351
5978:229:229
1760 3171 31170 39684:1127:529 249 299 50
2418 3197 8275 16977 18793 39429 39454 44132:1544:219 219 99 295 269 99 89 255
39688:899:899
4972 39127:258:159 99
39388 39610 40093 43931:1064:115 300 549 100
1119 4434 7317 9239 12858 16884 43545:1940:699 159 119 449 119 119 276
2563 16986:543:398 145
1774 1783 2228 3755 3761 12461 13696 13746 15802 16980 39305 39456 39610:2818:119 189 269 190 190 158 299 99 95 289 450 126 345
5696 12219 15744 15747 21291 28298 28299:2220:399 299 359 359 109 556 139
39688 44225:2850:2697 153
14126:609:609
39200 39201 39206:2699:1999 300 400
27504 39684:279:229 50
630 1943 4042 4083 4351 6547 13193 13730 14975 15085 16977 20128 21386 39430 41891:6609:399 239 498 538 100 149 299 498 1398 289 590 838 399 276 99
36116 36204:748:249 499
5644 5650 6199 16977 21662 26438 43610:2094:109 129 139 885 459 189 184
505 1683 13878:1059:50 959 50
2172 2489 3764 3782 3860 3877 6192 7229 7289 7293 7486 8370 8643 8655 10890 11354 11446 11447 12649 13730 13875 14837 15485 16977 16985 18241 18753 18787 21736 21850 21863 22006 22359 24249 26149 26499 28236 37247 38715 41062 42745:12401:649 339 75 380 249 209 338 298 398 149 239 200 855 570 65 129 139 139 359 498 219 99 358 295 269 399 349 389 235 474 239 239 138 299 159 129 399 359 399 299 379
44260:3000:3000
31044:899:899
4973 13749 39182 39370:23893:598 996 22200 99
1834 16977 43884:714:319 295 100
1847 2241 3755 7417 7457 7477 8195 8199 13718 16977 18901 21021 21679 21850 21893 24461 39388 43500:5431:319 649 95 239 239 239 329 339 399 590 429 299 459 79 158 99 120 351
3690 4660 14842 14906 15519 21020 21674 21920 28349 39189 39481 39610 39684 43898 46063:3518:119 299 129 299 439 299 459 99 169 78 54 156 50 700 169
3902 12461 13757 20408 21850 22481 36233 39371 39433 39453 39684 44427:2862:138 79 199 689 158 150 199 119 82 99 650 300
4045 4379 13743 16641 16977 39388 39610 39684:1415:269 218 99 79 295 105 300 50
15693 33945 39314 43855:1448:369 799 180 100
39686 44224 44377:297:139 94 64
39206:700:700
1251 12236 44327:636:369 99 168
13731 32085 39419:1292:498 299 495
10951:119:119
13914 16977 35984 39189:672:150 295 149 78
16894 20135 21850 39681 40607:1722:298 838 237 249 100
7310 14156 21766:437:149 89 199
11228:179:179
5566 22086:368:139 229
16894 18457:274:149 125
5246 6498 7373 7448 13731 17846 17915 21893 26239 31168 39681:6247:459 1399 199 199 747 899 349 790 429 279 498
1761 2304 14282 27360 39388 39430:1973:1058 289 299 115 74 138
39684:50:50
16977 19093 19711 19790 21280 21874 22888 23317 26163 29135 30862 39171 39688:3855:295 279 279 279 139 190 139 99 269 99 389 500 899
1752:79:79
5742 19755:1028:699 329
1760 25548 26149 36200 36202:1923:529 339 159 597 299
39686:139:139
5912 12132:1815:678 1137
32251:499:499
16118 34076 43550 43551:1403:50 869 265 219
12132:1137:1137
39138:680:680