1834 2206 3669 3690 4974 12255 13743 16879 16977 20130 20138 22034 22898 23187 25413 26629 28537 39428:5316:319 269 238 119 119 329 99 109 295 419 519 290 319 198 799 119 458 299
495 2152 3228 5052 6168 6170 6263 6266 8356 9421 12011 12267 13859 14346 16129 20959 20963 22387 22390 22394:3868:125 399 150 477 44 44 65 65 199 95 379 329 50 129 50 369 499 134 133 133
14945 31770 35359:1727:659 949 119
8760 9735 11859 32868:1349:249 829 199 72
9027 9028:738:369 369
1984 12252 15108 21280:1636:399 99 999 139
2214 13743 16155 21283 26499 30610 33036 39452 42290:1711:269 99 89 399 129 50 299 99 278
3301 5727 11882 32319 35198:1944:878 139 129 149 649
12239 20503 39305 39548:363:99 99 100 65
5644 12305 27687 29342 32719 44006:1373:109 99 99 799 199 68
8138 8170 14991 21297 21799 29286 29661 33228:3273:169 169 1398 399 259 350 299 230
10853:50:50
8360 9423:295:200 95
1769 1776 39684:338:89 149 100
13158 39256:397:350 47
39684 44444:150:50 100
8326 39138:1034:354 680
10951 26652:577:119 458
1225 3276 4714 4715 5827 33544 39256:2058:339 59 109 238 1137 129 47
10843 31534 31745 39256 39684:799:50 109 399 141 100
5682 19726 19774 39684:747:139 279 279 50
13777 39688 41791:1597:499 899 199
3880 5666 18849 20139 21736:851:99 139 129 249 235
851 5666 16996:657:299 139 219
1777 10841 10843 16991 36653 39224 39241 39256 39289 39389 39684:1352:99 50 50 50 299 47 47 94 198 118 300
1769 5650 10980 11844 12511 21282 22819 22887:1254:89 129 199 50 150 139 389 109
5650 13048 22887 27527 27833 39138:1964:129 358 109 379 309 680
39684:50:50
39610:222:222
8275 16890 39388 45968:688:198 139 51 300
16369:476:476
39307 44006:246:50 196
39359:500:500
13703 22887 39684:658:399 109 150
5644 39224 39684:206:109 47 50
43881 44427:800:500 300
16695 16701 22126 24148 46071:1109:239 239 285 207 139
44427:300:300
12258 45965:199:99 100
632 2172 2173 2292 2293 13478 14721 14725 14729 15260 16975 21893 29996 29998 36203 39683 43852 44112:8596:399 649 649 289 289 199 89 178 178 1678 319 474 599 699 798 558 300 252
39256:47:47
7961 16746 20106 34964 37533:2563:799 349 199 447 769
3743 16228 16267 24195 25422 25424 37345 46084:2102:179 299 289 109 199 199 699 129
39138:2040:2040
5648:109:109
6540 37445:898:499 399
7113 9273 10951 12032 12130 21357 30528 31636 39138 39191 39420 39684:5432:499 99 119 379 2274 149 99 189 1360 195 20 50
817 22896 30372 37445 39684 39687:2205:899 109 300 399 150 348
39155:69:69
16160 28408 28409 30759:1377:100 189 189 899
3195 7383 7558 7571 39289:1164:150 239 239 239 297
27147 39684:500:450 50
13118 36112 36235:767:369 149 249
16979 43504:541:285 256
16977 20201 39289:2338:885 1156 297
16975 39289:737:638 99
1439 1781 2261 4374 4375 7289 7532 12461 13718 14818 15451 15464 16969 16977 20118 21308 21736 26533 26557 32106 33529 39289 39375 39432 39437 39473 39610:7886:669 627 489 249 249 199 507 79 399 239 169 657 387 295 299 399 235 169 119 99 199 99 290 59 99 300 306
16977 16979 32100 39688:1668:295 285 189 899
3567 4717 12527 12531 13718 18738 25203 39617:1754:340 447 34 198 399 179 99 58
5664:109:109
2292 2293 16980 39289 39683 43408 43502 43794:2752:289 289 289 198 558 256 297 576
12032:379:379
2588 13106 14010 16183 18519 22269 25050 37314 44512:2612:159 399 319 299 469 249 319 299 100
1852 4082 4136 4295 5049 5666 7304 7310 7317 8643 10785 12255 12275 12467 12522 12524 12528 13710 13743 14491 14623 16901 16971 16975 18802 19268 21413 22830 22831 28444 30287 30605 32115 32117 39452 39609 39617 39635 39681 40621 43504:7832:199 198 55 129 259 139 179 149 238 95 109 329 129 79 68 34 34 299 99 258 149 139 149 638 59 349 59 399 389 229 500 200 189 189 128 129 69 108 249 178 256
5711 7263 9106 9440 10943 13749 15697 15698 21755 21850 21893 25553 26155 39373 39430 39442 39453:4693:109 189 598 95 738 249 399 399 199 474 237 199 159 312 69 169 99
1472 1847 4400 9427 13718 16971 16977 30603 30605 30610 30613 39289 41184:2392:269 319 189 25 399 149 295 50 50 50 100 198 299
39684:50:50
16881 16893 23690:806:139 258 409
2018 2236 2239 2242 3673 3818 5127 16971 28096 28539 45127:6354:329 1947 649 649 149 396 459 149 149 478 1000
39684:50:50
1932 3057 3563 3669 3688 4875 8049 10318 12244 16525 16542 18774 18797:3122:198 236 170 238 238 199 638 130 229 129 129 329 259
16977 31148:684:295 389
510 527 9239 13145 14313 16977 20530 20630 22324 43630:2762:329 369 449 150 299 295 129 129 259 354
34468 34933:1098:939 159
9421 39684 44427 44522:1045:95 50 300 600
39146:300:300
7977 36202 36203:1177:479 299 399
5666 5667 9237 21280 39127:1353:139 139 698 278 99
39155 39684:119:69 50
3201 3564 39269 39305 39688:1916:299 218 200 300 899
5666 23281 23490 36202 36235 39684:1882:139 99 498 299 747 100
421 2227 2429 7305 7327 26438 26439 29135 39617:1535:65 269 139 179 199 189 189 198 108
39684:50:50
2023:329:329
2112 21386:748:349 399
3756 16894 16968 26149 39430 41184:1341:178 149 119 159 138 598
39289 39684:248:198 50
1787 2304 2608 2959 3224 3657 4293 6192 6443 6444 6447 6468 6474 6508 7416 7465 7478 11934 13445 13743 14282 15249 15838 16325 16693 16701 16894 16966 16977 21733 21850 21893 22126 24039 24066 27198 31807 34952 39432 39436 39610 39684 43408 43442:11953:189 289 159 199 50 258 159 169 478 239 598 758 329 349 239 199 239 179 489 99 299 399 250 259 239 239 149 89 295 249 395 237 95 449 469 499 349 99 118 137 210 50 284 428
11229 44073:1469:169 1300
16883 25474 43506:724:139 159 426
4240 8378 8393 8429 8432 14486 16473 20390 33982 35225 44981:9303:229 2999 2999 218 654 399 189 239 769 359 249
23785:529:529
5650 10749 16981 26549:1316:387 398 153 378
16977:590:590
21423 21427 21429 21545:400:100 150 100 50
16977 17474 39327:783:590 98 95
6015:159:159
39289:198:198
10837 23150:149:50 99
18203 21936 22018 22105 22126 39334:4051:1396 190 1045 95 950 375
21936 22018 22105 22126 28160 39334:2424:285 475 190 475 678 321
531 6452 8616 13730 13731 15591 16985 21021 24325 25575 26149 27747 28536 28846 39388 40139:4145:299 299 299 249 249 199 269 299 279 229 159 90 199 399 99 529
2797 3197 9186 11638 21932 39305:1276:219 219 169 139 380 150
39684:50:50
21280 21907 33859:968:139 230 599
1987 13743 20177:1435:399 198 838
39686 43917:231:139 92
11173:339:339
1460 9425:804:779 25
39686 43907:217:139 78
39688:899:899
1847 2304 3487 3606 3817 3972 3978 3980 4042 4072 4150 5083 5220 5298 6194 7377 7382 7383 7388 7408 7469 7472 7475 7478 7556 7557 7558 12257 12258 13710 14975 15896 16894 16967 16977 26904 28046:9524:319 289 150 179 99 99 149 149 249 299 299 199 499 499 199 239 239 239 239 239 239 239 239 239 239 239 239 159 198 299 699 275 149 109 295 498 299
8092 16975 26510 38641 38644 38646 39189 39191 39454 39684:1413:189 319 99 98 98 98 78 195 89 150
16975 17474 21297 37366 39191 39411 39415:2194:319 98 399 379 195 381 423
2172 2293 5298 13743:1536:649 289 499 99
10849 28379:164:25 139
6019 8326 10434 14524 14975 15354 19850 20516:5144:95 59 399 687 1398 1678 329 499
28529 42492:228:99 129
4393 4464 13743:442:218 125 99
6547 13089 36200 36202 36205 39684:1595:149 100 398 299 599 50
4936 8365 13927 30713:1216:299 159 319 439
16567 21893 21936 22018 22105 22126:6619:129 790 1520 2280 1235 665
2571 15354:1715:876 839
14284 16986 18447 34389 39452 39515:1188:299 145 145 389 93 117
30603:50:50
1834 5246 5302 9686 13727 16985 21736 29142 44037:4878:319 918 1497 738 498 269 235 300 104
14975:1398:1398
1777 39684:149:99 50
2018:329:329
27706:150:150
1215 4336 5722 6547 13703 19637 20042 35701:2163:129 179 250 149 399 299 99 659
1782 1852 10612 10620 10625 12737 13038 13039 13040 13043 13044 13046 13048 13062 15512 16675 16678 16693 16697 16698 16894 16967 16976 18350 18826 18828 18829 18830 18838 18840 18842 19652 22394 39285 43765:6875:239 199 150 300 150 359 179 179 179 179 179 179 179 179 398 239 478 239 239 239 149 109 170 299 59 59 59 59 59 59 59 279 133 290 372
12126 12134 43917 44375:1544:379 758 92 315
21936:5320:5320
39333:192:192
2486 3616 5007 16975 31529:1903:159 598 549 319 278
16680 16697 16977 39288:871:239 239 295 98
15429:519:519
5677 15108 15260 15354 39610:4376:319 1998 839 839 381
5646 14533 37769:677:109 169 399
2018 3621 4567 8365 11132 13111 14010 14106 15259 16978 18797 19637 21945 21984 21992 21993 22060 24269 28215 31697 37319 39388 39515 44420 46057:5872:329 299 79 159 379 349 319 329 119 158 259 299 115 269 179 358 115 359 399 259 269 137 117 100 119
4372 4631 6767 8749 12879 14336 16967 20130 21108 21308 28532 28535 38641 39452 39609 40189 40934:3727:339 179 179 279 99 89 109 419 129 399 199 398 98 84 70 259 399
1526 8078 9446 15554 20461 30070 41599 44983:2533:199 309 89 469 219 250 699 299
21258 26327 26369 27375 29665 39138:2512:109 599 495 129 500 680
1788 5722 16981 22903 24460 31047 31049 36202 36749 39388 43884:3979:189 250 153 399 129 399 1497 598 189 76 100
36202 36234:1096:897 199
3281 10973 42512:777:59 669 49
512 5535 8602 9184 9271 12308 12508 12592 13795 15188 15249 18564 21013 21015 21895 26167 43500 44098:6311:319 159 998 119 399 259 139 399 699 799 399 449 145 259 95 269 306 100
2523 39396 39681:658:309 100 249
13791 39393 39396 39688:1598:499 100 100 899
43905 43908:88:10 78
39138:680:680
512 527 13727 13730 17458 18807 19784 20440 39393 43500 43506:2866:319 369 249 249 319 118 339 109 150 333 312
2221 21818 24093 27794 30603 30605:1296:269 249 329 249 100 100
1761:1058:1058
3168:249:249
16885:1946:1946
24251 26166 39396:1017:498 269 250
39333 43913:288:120 168
39635:92:92
39156:89:89
11829 14054 18248 31515 36202:1275:299 319 139 219 299
11783 13703 16129 16985 17048 27399 35449 39155 39156 39684 44244:5083:50 1197 50 1076 718 298 1047 69 178 200 200
39191 39282 43550:717:195 72 450
3438 10799 10801 11556 22888 22896:784:169 119 119 129 139 109
30750:1599:1599
16977 19784:929:590 339
5546 6400 22819 44544:1307:239 379 389 300
2420 3763 31103:636:199 99 338
1881 4382 7457 14836 39288 43425 44006 44296:889:79 99 239 69 49 68 176 110
824 2917 7592 10503 12266 16901 16982 20064 39388 46066:2375:109 429 329 378 299 139 269 229 105 89
12349 33753 33764:757:99 159 499
837 11133 15840 19814 20139 22677 27365 31939:1974:100 239 250 658 249 199 190 89
3590 5984 7293 7314 8058 9421 12016 12416 16975 21026 21736 39206:3939:129 458 149 319 199 95 758 249 319 229 235 800
619 2239 3003 12343 21805 39612:1851:289 649 129 159 229 396
632 5165 5232 6370 6441 9258 10978 13204 20651 21738 21853 21869 21885 26625 27534 31044 33634 33912 36116 39609:9565:399 229 109 419 658 798 339 729 429 490 359 239 190 249 379 899 959 1359 249 84
420 20547 23032:473:65 289 119
2201 7431 7493 8134 8167 8978 9041 11429 11829 12289 12415 13478 13749 14824 15797 16977 18746 19669 21812 23970 24300 24301 24461 25485 26320 30217 31909 37278 39435 39470 41188 43103 44129:9737:349 219 289 255 169 258 398 159 299 199 239 199 249 499 369 295 179 279 478 329 75 75 99 258 1299 99 359 578 138 150 119 249 530
4504 4551 16975 16977 23815:2024:598 278 319 590 239
12291 16976 23626 29685 33908 36200 40914:1700:99 170 399 295 359 199 179
2024 4143 4144 4901 10335 16894 16967 16978 20394 20395 26547 44427:3334:658 179 179 198 390 149 218 158 199 597 109 300
39276:299:299
2605 18962 22286 36204 39684:1636:159 599 329 499 50
1520 3852 8956 14100 15668 16978 19832 39334 39393 39456 39684:2502:159 249 289 349 369 158 339 198 200 142 50
13730 21850:735:498 237
16160 31044:9990:1000 8990
13731:498:498
16370 39138 39334:1087:119 680 288
37002 39684:299:249 50
15108 15354:3676:1998 1678
1834 2521 2966 4099 4483 4671 6768 6770 6773 7601 9016 9053 10580 12351 12844 13730 16883 16970 16977 19004 20128 21430 21736 21850 21939 27470 27537 39432 39481 39610 39872 40128 43462 43553:8027:319 309 69 169 159 199 189 189 189 359 389 139 59 329 359 249 139 65 295 409 838 59 235 158 155 379 379 59 69 168 69 169 384 324
496 21348:424:125 299
26150 39138 39314 39432 39448:2496:778 680 242 708 88
3782 7849 16574 21903 21905 26549 29996 43883:2574:380 338 219 230 230 378 599 200
631 2315 31174 39371 39896 43881:2133:399 299 716 119 100 500
24262 39138 44427:1229:249 680 300
2630 2648 2690 6192 6456 17025 18894 21198 21199 29577 39435 39454:2534:269 299 279 169 478 188 189 59 118 259 138 89
2660 11136 21926:815:139 478 198
39617:67:67
8620 15249 21779 23694 26165 27214 36200 36204 39305 39314:3418:299 399 245 409 299 629 199 499 300 140
7264 16000 39241:715:249 419 47
5644 39171 39688:4705:109 1000 3596
16123 17469 20199 26527 29086 30616:930:50 98 289 149 179 165
5845 14836 15115 16894:756:339 69 199 149
4130 8176 16967 16975 36120 46064:2201:199 239 327 638 399 399
9461 9462 13987 30683:968:150 150 269 399
15309 16977 21781 39411 39684:1144:149 295 245 405 50
1956 2196 3482 4905 16985:2033:717 349 300 398 269
23498 26782 36114 36202 42505 45965 45986:2343:798 349 199 598 199 100 100
1857 4378 4385 12860 27273 31528 34995:1693:79 109 99 139 699 139 429
39687:174:174
15354 21850 39515:4064:3356 474 234
2200 4972 9237 12334 20497 22108:1424:269 159 349 149 229 269
34472 44092:3099:799 2300
22654:1629:1629
4283 16445 31938 31946 44123:464:79 150 79 69 87
1477 3232 4294 4342 4362 4397 4418 4482 5637 7773 11135 14520 14526 14531 14533 14895 14974 14991 15354 16566 17135 17136 19260 19266 20006 20007 25535 34353 34368:26914:278 300 795 369 687 238 1857 507 699 359 1198 379 676 338 169 3995 2796 1398 4195 149 529 799 249 747 438 438 387 389 1556
39684:50:50
5644 39684:159:109 50
6073 8654 15553 21298 43373:2582:599 190 398 399 996
10752 16894 39434 39629:390:135 149 51 55
5634:699:699
36200 36202:498:199 299
4385 4391 5278 5442 5568 5657 6018 6426 7220 7221 9447 10580 12255 12268 13832 14064 15445 15484 16260 16883 16884 16967 16977 20143 20165 21049 21940 25549 26625 28440 31043 31044 31915 33037 35673 36200 39285 39429:11661:99 399 579 309 139 399 95 269 199 219 178 59 329 319 229 319 799 179 399 139 119 109 295 269 329 399 229 159 498 119 198 1798 279 299 319 199 290 99
21295 32295 39314 45992:634:109 149 176 200
1087 1836 2436 2523 2653 3286 3482 3755 3902 4082 4099 4106 4633 7314 10561 11850 13730 13733 14581 15658 15797 16967 16978 18799 20979 32173 39373 39452:6249:139 279 219 309 299 99 150 95 69 99 169 109 139 319 95 239 249 249 409 269 369 109 158 658 439 159 312 42
30505 42324:398:199 199
2264 7314 7907 8606 10687 11104 12472 13718 14915 14918 15187 15658 16526 16528 16546 16968 16976 18595 19201 19668 21399 21811 31044 39305 39515 39609:8790:489 638 149 469 289 599 469 399 599 299 799 269 129 139 99 119 170 309 189 279 449 209 899 150 117 66
2235 16894 39617 43504:1165:649 149 85 282
10851 38665:319:50 269
1777 2018 2521 6116 9122 10248 10735 11783 11824 13869 15771 16118 16120 18778 22980 26438 26439 26440 27368 30764 37349:5104:198 329 309 479 199 559 499 50 50 100 279 50 50 329 199 189 189 189 269 289 300
39206:300:300
5644 9381 9530 14940 15093 15464 19146 21108 29096 30409 31987 32758 34469 39191 39327 39617:5173:109 419 279 699 439 438 429 258 169 200 379 119 649 195 275 117
9545 24265 24886 33865 36202 36585 37453 39388:3521:279 249 169 999 299 798 599 129
16986 39442:314:145 169
1789 2501 5266 9429 13743 13756 15056 15070 15350 15801 16968 19690 31735 38647 39314 39371 39610:4401:239 499 559 99 99 249 229 179 179 678 119 279 139 199 180 119 357
4614 19562 21929 43532:3520:179 498 198 2645
1770 15696 19964 21212 21318 21779 21817 36202 39511 43545 44732:2930:119 389 399 379 109 245 249 299 69 222 451
2178 7349 7500 9257 14534 16454 18521 19796 20005 21660 31714:3546:259 338 269 349 507 299 299 239 299 459 229
39393 39684 39688:3047:300 50 2697
2228 3743 4064 10541 12461 16895 39305 39432:1402:269 179 269 189 158 129 150 59
10843 18203 39686 44002:913:50 349 278 236
18642 18643:398:199 199
8527 14525 21749:887:459 229 199
7459 7511 14975 43642:2718:398 358 1398 564
1412 2940 3234 14534 14537 19783 39681:1394:100 99 100 169 338 339 249
24004 36235:348:99 249
1852 2084 16978 19754 21736 23876 27233:2338:199 399 158 359 235 189 799
38626:99:99
2292 5164 5558 8710 9239 12255 12284 13730 16894 16975 18365 28535 30573 39684 43898 44037 44132:7613:578 745 199 369 449 329 229 498 149 957 297 398 400 350 700 416 550
39333:189:189
1761:529:529
2420 31099:249:199 50
23317 30124 36202 37539 39333 39681 44267:2416:198 639 299 769 162 249 100
527 43500:720:369 351
5978:229:229
1760 3171 31170 39684:1127:529 249 299 50
2418 3197 8275 16977 18793 39429 39454 44132:1544:219 219 99 295 269 99 89 255
39688:899:899
4972 39127:258:159 99
39388 39610 40093 43931:1064:115 300 549 100
1119 4434 7317 9239 12858 16884 43545:1940:699 159 119 449 119 119 276
2563 16986:543:398 145
1774 1783 2228 3755 3761 12461 13696 13746 15802 16980 39305 39456 39610:2818:119 189 269 190 190 158 299 99 95 289 450 126 345
5696 12219 15744 15747 21291 28298 28299:2220:399 299 359 359 109 556 139
39688 44225:2850:2697 153
14126:609:609
39200 39201 39206:2699:1999 300 400
27504 39684:279:229 50
630 1943 4042 4083 4351 6547 13193 13730 14975 15085 16977 20128 21386 39430 41891:6609:399 239 498 538 100 149 299 498 1398 289 590 838 399 276 99
36116 36204:748:249 499
5644 5650 6199 16977 21662 26438 43610:2094:109 129 139 885 459 189 184
505 1683 13878:1059:50 959 50
2172 2489 3764 3782 3860 3877 6192 7229 7289 7293 7486 8370 8643 8655 10890 11354 11446 11447 12649 13730 13875 14837 15485 16977 16985 18241 18753 18787 21736 21850 21863 22006 22359 24249 26149 26499 28236 37247 38715 41062 42745:12401:649 339 75 380 249 209 338 298 398 149 239 200 855 570 65 129 139 139 359 498 219 99 358 295 269 399 349 389 235 474 239 239 138 299 159 129 399 359 399 299 379
44260:3000:3000
31044:899:899
4973 13749 39182 39370:23893:598 996 22200 99
1834 16977 43884:714:319 295 100
1847 2241 3755 7417 7457 7477 8195 8199 13718 16977 18901 21021 21679 21850 21893 24461 39388 43500:5431:319 649 95 239 239 239 329 339 399 590 429 299 459 79 158 99 120 351
3690 4660 14842 14906 15519 21020 21674 21920 28349 39189 39481 39610 39684 43898 46063:3518:119 299 129 299 439 299 459 99 169 78 54 156 50 700 169
3902 12461 13757 20408 21850 22481 36233 39371 39433 39453 39684 44427:2862:138 79 199 689 158 150 199 119 82 99 650 300
4045 4379 13743 16641 16977 39388 39610 39684:1415:269 218 99 79 295 105 300 50
15693 33945 39314 43855:1448:369 799 180 100
39686 44224 44377:297:139 94 64
39206:700:700
1251 12236 44327:636:369 99 168
13731 32085 39419:1292:498 299 495
10951:119:119
13914 16977 35984 39189:672:150 295 149 78
16894 20135 21850 39681 40607:1722:298 838 237 249 100
7310 14156 21766:437:149 89 199
11228:179:179
5566 22086:368:139 229
16894 18457:274:149 125
5246 6498 7373 7448 13731 17846 17915 21893 26239 31168 39681:6247:459 1399 199 199 747 899 349 790 429 279 498
1761 2304 14282 27360 39388 39430:1973:1058 289 299 115 74 138
39684:50:50
16977 19093 19711 19790 21280 21874 22888 23317 26163 29135 30862 39171 39688:3855:295 279 279 279 139 190 139 99 269 99 389 500 899
1752:79:79
5742 19755:1028:699 329
1760 25548 26149 36200 36202:1923:529 339 159 597 299
39686:139:139
5912 12132:1815:678 1137
32251:499:499
16118 34076 43550 43551:1403:50 869 265 219
12132:1137:1137
39138:680:680
9218 9229 12589 14525 16294 16300 22281 22799 26160 37308:3857:538 159 798 458 179 179 329 519 299 399
21893:711:711
12130:1137:1137
7613 43553:519:195 324
19981 39419 39681 41117 42521:1213:99 297 249 399 169
1758:629:629
44224 44375:312:92 220
10851 28543:174:25 149
39333:210:210
33943 35036 35040:1738:499 539 700
16967 16975 28535 39684:827:109 319 199 200
1896 3618 11769 27268 44522:2685:89 338 299 1659 300
9158 13743 26155 44327 44385 44543:1964:189 99 636 200 540 300
732 1760 3751 8640 8643 8656 12722 13727 15894 15895 16388 18901 21850 24914 39481:4480:199 529 198 95 380 475 249 498 275 275 298 429 158 339 83
39333 44266:506:306 200
21738 21893 21897 21904 43746:1281:245 158 115 115 648
39206:200:200
8707 9439 12343 18673 19799 21347 44012 44384:2071:229 95 159 299 199 299 216 575
4254 4255 4258 4264 5648 12323 24033 31828:1288:39 39 39 39 109 99 575 349
4099 12130 16977 26874:2125:169 1137 590 229
16894 21795 43730 44134:1161:149 229 295 488
1760 4741 4742 4972 13710 15108 16986 20099 39333 39388 39430 39515 39684 44511:3544:529 99 99 159 299 999 145 389 150 140 69 117 50 300
12240 16975:737:99 638
2570 7408 9269 16118 21850 21893 27790 39681 43500 43506:3026:139 717 578 100 79 79 89 498 366 381
4379 36200 36234 39138:1187:109 199 199 680
39333:324:324
8321 39333:310:79 231
16991 19832 39171 39688 43186:4734:100 339 1000 1798 1497
1891 6018 16977 20528 20531 20658 30581 32474 39435:1886:79 190 295 129 129 129 398 399 138
13914 28949:300:50 250
12474 20174 27073 43746:1093:149 249 299 396
2261 4447 5657 6018 6405 11882 12342 14826 27583 30998 37717 39684:4164:489 259 399 95 489 258 199 179 499 699 499 100
24966:249:249
12600 15677 23317 23498 36202 36203:4288:399 399 99 1596 598 1197
1788 2230 3529 3758 10547 10623 10625 15270 16985 21641 21907 23073 31714 39684:2638:189 269 75 75 300 150 150 150 269 458 115 159 229 50
43743 44129:635:350 285
39191:195:195
8215 30531:598:469 129
1763 5165 7408 7480 8656 13730 14533 18595 21850 21893 22757 43500 44055 44130:4332:315 229 239 478 380 498 507 309 79 158 189 372 282 297
1496 4073 14974 16977 24335 33161 39305 39388 44134:2479:139 478 699 295 75 239 150 124 280
27365 39684 43746 44055 44132 44600:1738:190 100 492 366 390 200
5711 21893 39339:766:109 237 420
43345 43349:497:198 299
8763 12343 26528:447:169 159 119
11194 25261:608:259 349
1891 5633 6021 14918 15353 15437 16971 20037 21309 21721 21852 39617 39640 43490:4931:79 399 190 299 329 799 149 129 699 670 359 113 69 648
1758 5644 29418 29421 39182 43917 44225:23829:629 218 219 219 22200 212 132
3543 3848 3990 4973 5439 7317 10961 13718 14260 14836 14847 15457 16881 16883 16977 18426 18474 20886 39314 39448 39609 39634:6819:258 479 358 299 129 357 318 399 389 69 219 358 278 139 1475 149 199 399 278 76 88 106
4132 26152 39182 39419:22994:199 199 22200 396
2269 2851 2933 2936 3057 3576 4365 4385 4438 4442 4453 4454 4464 4876 5634 5637 6418 12242 12260 12262 12266 13736 16569 20005 21309 21738 22901 24070 28453 31163 31165 31168 31170 31544 39686 44335:24714:1947 354 177 177 354 834 199 198 378 567 198 198 375 796 699 699 438 299 299 299 598 189 249 598 699 980 699 597 1876 1996 558 558 1794 699 139 3000
21850 21893 39224:284:158 79 47
512 528 14526 14533 14540 14541 39388:1947:319 369 169 338 229 458 65
39172 39688:1649:750 899
2438 28696 36204:1487:569 419 499
39156 39184 44178 44269:1194:178 300 616 100
2181 6452 16979:683:99 299 285
39333:387:387
8277 16258 31058 31939:567:99 329 50 89
4022 7461 7511 7514 16881 24177 34352 37260 39683 40911 41592:3885:139 398 358 179 278 150 129 1198 558 299 199
1834 7494 12288 16975 31490:1535:319 399 199 319 299
1760 12728 12738 13692 13718 13730 16979 19080 21793 28537:4475:529 349 349 199 399 498 1425 299 199 229
9427 14706:179:50 129
36202 39688:1198:299 899
5664 10526 22363 39334:489:109 55 109 216
5370 6118 19184 19186 20842 21472 21526 21529 21530 21537 21565 24042 24048 36200 36202 36234:7238:109 749 399 699 1398 120 117 80 120 40 117 619 879 995 598 199
4411 39157 43921:773:159 109 505
6021 6024 6547 8159 8176 8178 15770 31043 31047 31058 31099:2060:95 95 149 198 239 198 289 198 399 100 100
31901 36937:397:198 199
207 1781 4718 6434 6444 9158 11405 13749 15351 15658 20442 21018 21736 24038 25395 25405 26547 27248 27285 31058 32370 32877 34705 35347 38391 38394 43500:9070:179 209 418 329 239 189 109 249 358 269 209 478 235 235 699 799 109 449 389 100 139 249 449 609 349 698 327
11968:758:758
31160 31161 44225 44332:4838:79 79 180 4500
13979 16236 21893:1710:638 598 474
64 2472 2690 4349 9434 13878 14525 15478 16978 20015 24908 26148 34398 34948 39359 39454:4089:275 259 279 199 89 100 229 598 158 269 678 89 179 99 500 89
18938 39224 39686:785:599 47 139
15914 16879:850:632 218
2242 2573 2913 4379 6403 7726 10574 10575 12487 13710 14581 16967 19918 21770 22876 22877 24175 34117 34935 36114 39359 39373:7104:649 219 219 109 438 499 275 275 379 299 409 109 459 199 299 299 300 559 99 199 500 312
822 2300 3900 3990 4932 5163 5644 5704 7416 7480 8643 11173 12255 12264 12460 16976 18231 20128 20130 20488 21262 21821 22359 22901 28537 39683 46069:8784:158 119 119 358 139 954 109 109 239 239 380 339 329 299 138 340 379 419 419 269 699 259 138 699 458 558 119
5645 9430 16160 22113 28398 31152 39739:1073:218 99 100 139 139 99 279
12726 27371 38849 39388 39473:1152:299 178 419 106 150
5650 39334:327:129 198
7480 7486 11417 12819 13052 27496 43500:2866:239 239 158 678 837 379 336
2303 2401 7314 12145 12254 12255 12768 14245 15031 16885 16977 22110 22817 29996:6328:398 50 319 239 329 329 758 399 1399 278 295 278 658 599
5650:129:129
13051:279:279
4686 5493 7840 10345 11797 15976 16546 16840 16941 21929 23691 28453 29236 30836 33904 33927:5355:199 289 175 316 299 69 99 399 199 198 409 469 449 199 1058 529
8767 39337:473:299 174
2022 39681:578:329 249
2030 5101 9564 12844 13743 16967 23962 27749 34245 37502 44511:3360:399 518 339 359 99 109 299 180 459 299 300
21175:538:538
7571 13718 16977 18540 19003 36582 36957:2978:239 798 885 399 299 159 199
12809 16977 31357 39683 43506:2268:50 1180 99 558 381
25397:799:799
36305:349:349
12326 12878 16975 39371 39420:886:99 249 319 119 100
5257 13743 14525 15352 31938:835:249 99 229 179 79
39481 43936 44006:309:57 184 68
6093 8386:3077:478 2599
12586 13743 13746 13752 31703 36116 36118 36305 39432 39612 39614:2139:259 99 99 299 229 249 299 349 59 99 99
504 1782 3196 3566 3948 4394 4472 4974 5628 5634 5635 5735 6031 6192 7224 7287 7361 7368 7562 7632 7841 8191 8637 8641 8944 9654 10749 11139 11774 12198 12256 12277 12508 13734 13743 14312 14533 14627 14637 14656 14974 15028 15167 15266 15310 15349 15457 15689 15969 16124 16271 16844 16852 16854 16883 16967 16975 17452 18748 20126 20148 20451 20725 21413 21719 21736 21780 21893 21895 21899 21929 22359 22431 22434 22698 22774 22826 23151 23835 24429 24521 24597 25557 25613 26124 27070 27177 27228 28092 28305 28705 29837 30280 31025 31880 34029 34465 34553 34995 38515 39127 39430 39432 39609 39634 39684 43418 44125:30575:100 239 149 340 99 139 189 119 134 699 67 399 89 169 149 209 239 239 309 489 229 369 129 190 229 379 199 749 279 129 329 299 139 349 198 299 169 229 229 155 1398 1499 479 150 339 179 179 499 79 50 299 199 109 109 139 109 319 119 179 249 219 99 75 59 338 235 245 158 95 69 99 138 250 250 399 269 179 297 899 649 119 469 399 99 1269 339 499 499 339 439 179 258 399 100 109 349 549 159 429 139 99 69 59 74 194 50 535 812
1527 2407 3504 3578 3763 3902 4492 4937 6330 6463 6518 6616 6760 6789 8135 8188 8695 9041 10590 12877 13477 15070 16970 17459 19716 20887 22003 22139 22480 23828 26160 27247 28440 32115 32360 33276 36234 36937 39430 39448 40695 41727 41972 42258 43504 43786 44489:12784:50 99 130 49 198 69 119 299 299 299 349 179 85 389 255 339 149 597 190 139 299 179 65 179 289 399 115 229 250 229 299 878 119 189 149 239 796 199 69 70 1677 99 199 129 288 720 150
44266:200:200
10463 13101 21996 26149:1825:918 399 349 159
777 2025 2304 13743 16975 43492:1461:149 329 289 99 319 276
10849:25:25
39138:680:680
1837 7589 7606 15675 15680:1925:289 399 369 359 509
39155:69:69
21389 21850 21893:950:239 474 237
4936 4972 9089 12415 18538 21215 22849 25702 25703 28535 39305 39430 39432 39435 39470 39609 39610:3670:299 159 369 239 279 379 389 149 149 199 150 69 59 69 300 62 351
2242 2419 2608 3234 8054 12221 21850 21893 27102 31492:2770:649 189 159 400 319 329 158 79 189 299
5633 39189 39190 39609 39617 44384 44385:1760:399 78 78 88 82 325 710
5650 39688:1927:129 1798
2188 2192 4695 4709 5164 8950 10967 10970 14607 16911 20479 20482 22832 26155 27504 39411 39420 39687:4517:279 469 278 238 745 49 125 125 139 149 417 278 159 159 229 117 40 522
631 633 39334:1221:399 399 423
39420:80:80
729 2173 2238 2269 15108 16985:5070:318 649 649 649 1998 807
1769 21779 39388:441:89 245 107
13879 32761:169:50 119
39334:234:234
8178 21288:238:99 139
43907 44385:238:78 160
39171 39688:1399:500 899
39206 39334:1270:1000 270
8159 8176 8178 39305:587:99 239 99 150
15057 44123:322:229 93
7279 7407 12266 12778 13730 16883 16978 20164 24333 24335 24337 24340 28046 31714 39634:3406:299 479 299 289 498 139 158 329 75 75 75 75 299 229 88
1262 3277 4371 4965 5574 9430 9447 12166 14816 14912 21207 26534 39155 39334 43913:2582:129 149 129 149 89 99 89 329 219 389 99 149 69 207 288
620 2362 2368 2657 4053 4082 16285 16977:1519:239 45 44 299 299 99 199 295
39157:109:109
729 2292 2304 2623 3495 3510 3520 4049 4100 4124 4391 4402 4429 4948 5117 5164 9191 9212 9381 10889 11133 11354 12256 12306 12406 12461 12622 12862 13730 13736 14627 15456 15457 16676 16695 16698 16699 16967 16977 18263 18989 18991 20096 21253 21779 22359 22559 25485 29466 40044 43746 44037 46069 46085:15226:159 289 289 229 178 300 118 269 385 255 399 259 219 99 279 745 299 299 419 130 478 129 329 259 398 158 119 389 498 189 229 299 179 199 239 239 239 218 295 439 339 339 389 89 245 276 159 129 389 229 630 456 119 299
5445 10788 12491 13982 16237 16251 36106 36200:1983:200 119 469 319 299 179 199 199
420 1926 39686 43908 43936 44377:973:130 198 417 72 116 40
4803 6440 6447 6450 6460 6462 7373 7377 7388 7406 7408 7469 7472 7476 7525 7571 8178 8181 16236 16894 16977 32365 39333:7096:89 719 299 719 549 549 199 239 239 199 239 239 239 239 199 239 99 99 299 149 885 170 201
21288:139:139
1783 21385 39127 39334:697:189 139 99 270
5914 12132:3291:1017 2274
5704 39256 39334:549:109 47 393
4283 9423:174:79 95
11568:259:259
2518 8050 9162 10383 12669 15353 16975 20135 22781 22816:3569:199 319 299 399 199 329 319 838 339 329
630 4434 4899 4915 5183 6329 7417 7479 8101 14601 28536:4542:798 318 398 538 498 289 478 478 249 299 199
39334 44123:234:186 48
27102 39334 39686:913:189 585 139
39634 39684:252:202 50
13731 16458 18350 24332 24335 24339 26464 28048 39285 39333 43392:3095:498 598 299 150 150 150 438 299 290 135 88
1517 3492 3762 3900 3978 7617 9237 9617 10923 11447 12230 14906 18225 19703 19837 20065 26149 26975 27749 31025 39681:5213:150 89 99 119 149 389 349 199 399 139 399 299 379 359 279 419 159 400 90 100 249
8176 15352 35267:1695:478 358 859
731 1783 1834 2258 13718 16894 16977 16985:1978:159 189 319 199 399 149 295 269
2050 4018 8133 12812 16976 18350 19755 21006 21212 29135 36141 39452:2518:349 150 255 249 170 299 329 170 379 99 49 20
1037 1216 1640 1847 2401 3728 4057 5665 7387 7389 8178 13914 14299 14841 18772 20396 21681 28543 30287 30326 44699:6182:150 258 399 319 50 179 259 399 239 199 99 150 319 129 329 398 459 149 500 198 1001
41184:299:299
39171 39269 39339 39686 39688:1879:500 200 141 139 899
512 527 2242 2293 2356 2466 2523 3482 3568 3721 4385 4849 4900 4902 5163 5367 5381 7327 7472 7476 7482 9239 16985 17890 20177 21921 32168 35224 35360 35693 46077:9134:319 369 649 578 129 179 309 75 340 150 99 179 99 99 318 69 69 199 239 239 239 449 269 579 838 139 159 779 119 659 199
2018 6431 43898:1298:329 269 700
19981:99:99
1395 21736 28420:525:100 235 190
1782 39430:653:239 414
13710 16977 22827 37236 39388 39432 39447:2588:299 1475 199 209 130 118 158
3440 8176 8181 9577 13478 13749 16981 19697 19981 21775 21893 24653 37284 39432 41187:3070:169 239 99 145 199 249 153 269 99 245 158 259 519 59 209
1790 1792 1793 1809 2047 4471 4972 6441 6444 6445 6468 9256 12341 12726 13727 16118 16123 16985 22887 22896 39314 39337 39442:6473:59 59 59 59 519 299 159 658 478 478 758 399 100 299 498 150 100 269 109 109 254 432 169
39688:1798:1798
1698 1973:718:319 399
1333 6328 6452 7310 8229 12512 13736 14525 16796 16967 21779 21850 21893 22656 23926 26153 29996 39314 43913:5308:299 299 299 149 519 159 189 229 249 109 245 79 158 1119 189 159 599 158 102
1758 3702 6074 6773 9429 12543 15457 15464 16968 19095 21308 26518 39419 39432:3133:629 139 149 189 99 278 179 219 119 279 399 198 198 59
14715 16991 39138:879:149 50 680
10749 11037 16907 16966 23498 36200 36202 36203:2510:199 89 139 89 798 199 598 399
21258 39024:778:109 669
39138:680:680
7314 16894 39681:717:319 149 249
3593 3594 5167 8134 10555 13749 15886 15887 16978 17081 18807 21775 21895 22469 27748 33657 39388 39430 39435 39445 43518:4475:338 318 269 255 178 249 79 79 158 129 177 245 190 100 200 649 130 69 138 249 276
2625 3045 5874 6111 7583 14583 16989 18482 18485 19735 19840 21288 21804 23024 25111 32365 39388 39466 39472:5531:439 499 399 479 489 409 89 159 159 359 578 556 259 238 99 85 136 50 50
39688:1798:1798
4454 33289 44417:1657:99 258 1300
1991 1994 2242 4146 7328 7330 7478 7496 7606 8038 8108 8979 8985 8989 8990 8991 8996 8998 9062 11115 12468 13690 13710 13730 13746 14162 14991 15284 15457 15692 15769 16979 21006 21780 22827 23692 24258 35983 39314 39373 39432 39441 39610 43803:16032:399 399 649 259 199 259 239 478 369 689 249 229 79 79 79 79 79 79 429 599 189 299 299 498 99 399 699 429 179 479 578 855 510 245 199 409 2154 149 170 312 59 169 402 333
39138:680:680
1781 1784 1847 1973 3771 3779 4972 5634 6100 8115 16967 16985 18749 26149 39359 39430 39481:6236:418 239 319 798 79 79 318 699 598 869 218 269 279 318 500 138 98
21258 25566 39686 43913:971:109 399 139 324
5646 24186 43913:685:109 198 378
4442 11169 13730 15154 16894 16967 22512 31993 31997 36114:3359:189 359 498 179 149 109 419 629 629 199
39206:100:100
36114 36116 36203 36207 39684:1396:199 249 399 499 50
11780 23301 23433 36116:627:50 99 229 249
1834 3764 4099 4107 6450 6776 8092 8159 8656 11772 12461 13730 13731 14282 16967 18224 18775 22560 27371 39481:4959:319 75 169 109 719 239 189 99 190 299 79 249 249 598 109 379 329 299 178 83
2497 3257 4365 4371:826:199 100 398 129
39206:100:100
1834 4393 4438 4442 15836 43852 44427 44492 44522:2306:319 109 189 189 500 300 300 100 300
2242 12257 13718 16970 21030 39452:1451:649 159 399 65 139 40
12030:379:379
11329 23032:409:290 119
633 3324 11226 12485 16191 16977 34094:3432:399 679 378 299 598 590 489
39138:680:680
16977 16981:743:590 153
2304 7457 7472 7479 7482 7484 8159 8178 16977 22318 43551 43553 43632:3772:578 239 239 239 239 239 99 99 295 579 282 321 324
729 4469 4742 4972 12677 13727 21279 33930:1930:159 119 99 318 249 498 139 349
440 683 731 2857 3020 3113 3303 3657 3681 3690 5182 7731 8967 12456 12840 13749 15423 15432 15473 18807 18936 19735 21919 21971 33656 33704 34838 36114 39388 40128:11024:199 199 159 219 219 299 499 129 109 119 529 600 299 229 299 498 799 799 339 118 458 359 189 198 1149 889 629 199 126 169
39241:47:47
21736 36585:634:235 399
39241 39686 43931:286:47 139 100
2018 2054 2056 2057 4082 13043 16901 24095:1872:329 329 329 329 99 179 139 139
5444 5451 6728 12221 13979 16236 16252 21297 22475 39429:2622:100 100 179 329 319 299 299 798 100 99
12262 14523 19673 44132:1146:299 398 329 120
2304 16975 20139:857:289 319 249
13040 13043 28310:876:358 179 339
1109 13737 25201 39429:886:389 249 149 99
2371 2436 3023 3690 7327 8176 10556 12415 13116 13391 13828 14094 14531 14583 18785 20165 21009 21660 22133 22359 24433 27371 32804 33657 39359 39366 39411 39430 39433 39434 39442 40588 42191 43504 43553:10199:178 219 219 238 199 239 300 239 369 279 199 179 169 409 349 329 170 459 229 138 729 178 438 649 500 500 369 138 50 36 169 379 350 272 333
39686:139:139
2144 2296 5666 6540 6547 9164 10825 12268 15976 19744 19747 20962 21738 22245 22888 23694 24090 24093 31933 39429 39432 39684 42924:6548:399 299 139 499 149 499 159 319 345 329 329 399 245 189 139 818 329 329 189 99 118 100 129
1878 9413 21497 21499 22896:837:79 299 175 175 109
6007 8183 8991 9148 9206 11914 12488 13724 14845 15189 16985 18335 18779 18799 21302 21348 21389 32375 36202 39314 39373 39393 43500:8045:85 299 158 299 219 379 169 299 159 799 269 499 379 329 598 299 239 558 897 188 312 250 363
3393 39640:608:539 69
21736 21780 29135:777:235 245 297
3576 13718 20029 45405:1513:556 399 369 189
45987:100:100
729 2242 4093 7844 32365 41815:2505:159 1298 199 309 340 200
1770 4897 10542 11453 22078 23184 23186 29186 31050 34446 39171 39688:5246:119 279 109 716 269 299 299 399 999 359 500 899
15108 16966 16977 21781:1628:999 89 295 245
523 8181 14496 14836 14974 16912 21020 46050:2268:118 198 597 69 699 159 299 129
4879 5646:178:69 109
619 1800 1809 2241 2895 2909 2974 2975 2981 3524 3535 3625 4018 7408 7417 7457 11458 12684 13710 13731 14758 14760 14762 14764 18729 19069 19674 19710 19719 20446 22130 22131 24327 24339 24341 27055 31257 32158 37573 39373 39681 39872 40695 41507 43714 43998:12042:289 118 118 649 138 289 69 69 69 45 45 289 150 239 239 239 279 199 299 498 89 178 89 89 219 219 279 279 279 209 429 429 150 150 150 239 299 478 249 312 249 69 1677 189 345 370
6020 13743 15833:538:189 99 250
34099 43913:967:349 618
1852 13756 16978 16989 18784 18785 25534 39373 40952 43408 43455:2560:199 249 158 89 349 349 129 312 299 272 155
1782 1818 2214 2899 2970 2974 2975 3498 3504 3560 3864 3907 4123 6192 6450 6498 8092 8640 8643 8655 9162 11425 16895 16975 18226 18556 20396 21308 21850 26149 28537 39432 39617 39634 43518 46069:11777:478 159 269 69 138 138 69 138 130 170 249 149 179 169 1438 2798 189 190 190 190 299 119 258 319 379 219 398 399 474 159 229 118 45 196 548 119
31529 39206:739:139 600
632 4973 13730 16901 43550 44444:1471:399 299 249 139 285 100
6444 6456 6470 8113 13446 13447 18738 39685:3409:239 478 758 179 489 489 179 598
5644 12163 12346 19723 31152:357:109 50 50 49 99
1759 1785 1816 2245 5164 7487 7490 7491 8093 9201 12513 13743 16975 17205 18228 21737 21779 26208 27544 37236:8454:944 478 269 229 1490 398 199 199 199 356 159 99 638 189 689 219 245 358 679 418
1153 11867 13979 22982 33927 39138:5622:299 599 1276 199 529 2720
11478 11777 13093 13718 39454 39684:1574:299 279 369 399 178 50
11630 11635 12762 13718 14524 15342 15802 22269:2207:139 139 718 399 229 239 95 249
3444 10990 15668 16971 19212 21648:2502:299 339 738 149 319 658
13743 18226 20125 21742 36200 36202:1952:99 379 249 229 398 598
30602 30605 30606 30607 30608 30609 30611 30613:800:100 100 50 100 150 100 100 100
632 3533 4436 6196 7491 8176 15108 16961 22534 39388 39470 39587 43810 44428 44732:4239:399 45 229 189 199 239 999 299 189 136 150 26 500 200 440
3640 5031 8982 13657 15056 15753 24332 39359 39432 42923:2640:329 299 258 399 229 249 150 500 118 109
31290 39447:448:369 79
1762 8048 10482 10749 13695 13722 15222 16980 21227 24294 24299 28540 31675 32896 39333 39684 43875 46062:3875:629 139 199 199 299 199 239 289 349 75 75 239 299 219 108 50 100 169
1801 1803 1847 2304 2582 3590 14974 16979 26798 27058:2646:59 59 319 289 209 129 699 285 299 299
1783 4107 5345 8548 11402 12725 12729 13703 13730 13743 16966 16978 20044 39432 42526:3301:189 109 199 259 218 249 349 399 498 99 89 158 189 118 179
25721:219:219
3921 3929 3932 11358 12627 13730 14634 16236 16894 18828 18832 18838 21886 28214 39651 39688 43504:4158:139 69 59 99 379 249 229 299 596 59 59 59 230 399 87 899 248
5982:229:229
39171 39688:1399:500 899
1847 1972 2172 2236 4429 4728 4972 5301 7464 7470 7504 7613 8092 12415 12614 13718 13727 13730 14525 15108 16967 16980 18746 18751 18784 18798 19843 21642 21648 21931 27191 27193 31768 39305 39314 39430 39432 39455 39600 39610 39687:14223:319 399 649 649 219 299 159 499 179 309 179 195 189 239 219 399 249 249 687 1998 109 289 358 349 349 329 169 458 658 329 619 619 179 300 108 69 59 169 169 78 174
187 1893 2368 2961 4937 7427 7432 7638 12370 12377 12408 15960 16968 18565 20492 24304 24312 24314 26160 28350 31209 39373 39388 39432 39434 39439 39629:5889:299 99 44 199 299 99 219 399 339 339 199 169 119 459 289 150 150 150 299 339 589 312 47 59 98 87 39
498 505 5657 8058 8071 8084 8433 8650 9014 9062 9090 9110 9119 9239 9551 11412 11848 11861 12255 12297 12309 12328 12370 13503 13507 13737 13860 14054 14271 14344 14346 14496 14520 14588 14940 15100 15270 15426 15509 16236 16971 16975 16979 17454 18748 18880 19716 19894 19896 19898 19902 19963 20455 20459 20778 20843 21038 21210 21214 21735 21745 21746 21747 23123 24704 28536 34118 35159 35163 35186 35289 36200 36202 36203 39415 40128 43511:27833:125 150 399 199 249 169 402 99 399 429 299 389 299 449 279 119 239 349 658 349 349 399 339 200 189 249 200 319 499 129 129 796 758 219 1398 399 150 799 109 299 149 319 285 139 179 97 289 417 435 219 179 798 99 139 279 1369 389 379 579 215 279 279 259 99 127 398 559 639 639 679 199 199 897 798 261 169 423
4123 43442 43606:597:179 200 218
7314 8178 8181 16977 18474 18746 18789 20080 20173 21736 31195 39305 39448:5280:319 99 99 590 199 179 389 2499 219 235 239 150 64
21736 27371:648:470 178
8116 8122 13730 14262 14600 14604 14818 15354 15659 23173 23189 31715 39396 42290:5056:250 250 498 379 219 189 239 1678 339 199 198 229 250 139
10851 16361:394:125 269
21280 21286 39435 39452:647:139 278 138 92
15465 37469:548:319 229
6322 15802 16975 16977:878:169 95 319 295
16975 39189:358:319 39
2264 2413 2457 3195 4089 4803 13731 13743 16876 16977 24062 27897 28535:3572:489 300 199 150 178 89 498 99 358 295 359 359 199
8616 14919 16977:1712:299 1118 295
31257:299:299
871 3765 4861 5183 19655 21015 21016 21659 21951 21960 24669 32897 34433 36234 44123:5691:559 179 578 249 329 518 549 209 239 239 798 510 359 199 177
39429:396:396
31025:100:100
420 12501 13220 13718 13727 16969 21520 21521 21850 39371:2694:130 239 619 399 498 258 65 130 237 119
2175 7317 7320 7571 10636 11772 14845 15108 16966 16975 17085 21850 27747 39366 39683 43520 44130:7308:649 238 499 717 109 299 159 999 89 957 169 474 90 500 558 472 330
5182 6287 29995:1706:529 478 699